0006 1000000 -2 12 -0.2425 0.00463
0006 1000000 -2 5 -0.2150 0.00620
0006 1000000 -2 9 -0.2402 0.00532
0006 1000000 0 12 0.0000 0.00350
0006 1000000 0 5 0.0000 0.00461
0006 1000000 0 9 -0.0000 0.00334
0006 1000000 1 12 0.1440 0.00347
0006 1000000 1 5 0.1001 0.00496
0006 1000000 1 9 0.1290 0.00389
0006 1000000 10 12 15.1538 0.18790
0006 1000000 10 5 1.2815 0.03422
0006 1000000 10 9 5.8706 0.05620
0006 1000000 2 12 0.2426 0.00463
0006 1000000 2 5 0.2150 0.00620
0006 1000000 2 9 0.2403 0.00532
0006 1000000 3 12 0.3413 0.00692
0006 1000000 3 5 0.3397 0.00739
0006 1000000 3 9 0.3405 0.00715
0006 1000000 4 12 0.4425 0.00923
0006 1000000 4 5 0.4440 0.00828
0006 1000000 4 9 0.4440 0.00846
0006 1000000 5 12 0.5435 0.01245
0006 1000000 5 5 0.5490 0.00951
0006 1000000 5 9 0.5468 0.01065
0006 1000000 6 12 1.1213 0.02680
0006 1000000 6 5 0.6536 0.01106
0006 1000000 6 9 1.4911 0.20991
0006 1000000 7 12 2.5003 0.70718
0006 1000000 7 5 0.7522 0.01461
0006 1000000 7 9 0.7169 0.02022
0006 1000000 8 12 5.1889 3.59170
0006 1000000 8 5 0.8471 0.01904
0006 1000000 8 9 3.0836 0.00686
0006 2000000 -2 12 -0.2419 0.00455
0006 2000000 -2 5 -0.2135 0.00579
0006 2000000 -2 9 -0.2214 0.00493
0006 2000000 0 12 -0.0000 0.00252
0006 2000000 0 5 -0.0000 0.00511
0006 2000000 0 9 -0.0000 0.00325
0006 2000000 1 12 0.1083 0.00316
0006 2000000 1 5 0.1077 0.00536
0006 2000000 1 9 0.0996 0.00368
0006 2000000 10 12 8.5429 0.03096
0006 2000000 10 5 1.0418 0.02317
0006 2000000 10 9 1.3946 0.02193
0006 2000000 2 12 0.2419 0.00455
0006 2000000 2 5 0.2134 0.00579
0006 2000000 2 9 0.2213 0.00493
0006 2000000 3 12 0.3427 0.00610
0006 2000000 3 5 0.3199 0.00627
0006 2000000 3 9 0.3424 0.00620
0006 2000000 4 12 0.4454 0.00747
0006 2000000 4 5 0.4461 0.00694
0006 2000000 4 9 0.4461 0.00706
0006 2000000 5 12 0.8416 0.03762
0006 2000000 5 5 0.5524 0.00775
0006 2000000 5 9 0.5509 0.00847
0006 2000000 6 12 0.6464 0.01495
0006 2000000 6 5 0.6585 0.00897
0006 2000000 6 9 0.6571 0.00963
0006 2000000 7 12 3.1942 0.16156
0006 2000000 7 5 0.7641 0.01028
0006 2000000 7 9 0.7539 0.01424
0006 2000000 8 12 0.7503 0.05941
0006 2000000 8 5 0.8673 0.01213
0006 2000000 8 9 0.8332 0.02439
0006 500000 -2 12 -0.2526 0.00495
0006 500000 -2 5 -0.2378 0.00699
0006 500000 -2 9 -0.2446 0.00561
0006 500000 0 12 -0.0000 0.00477
0006 500000 0 5 -0.0000 0.00469
0006 500000 0 9 -0.0000 0.00477
0006 500000 1 12 0.1021 0.00490
0006 500000 1 5 0.1210 0.00535
0006 500000 1 9 0.1478 0.00472
0006 500000 10 12 5.2829 0.00688
0006 500000 10 5 1.8283 0.03488
0006 500000 10 9 8.4550 0.07883
0006 500000 2 12 0.2526 0.00495
0006 500000 2 5 0.2379 0.00700
0006 500000 2 9 0.2446 0.00561
0006 500000 3 12 0.3428 0.00747
0006 500000 3 5 0.3382 0.00872
0006 500000 3 9 0.3403 0.00813
0006 500000 4 12 0.4385 0.01192
0006 500000 4 5 0.4420 0.00997
0006 500000 4 9 0.4414 0.01048
0006 500000 5 12 1.6434 0.07470
0006 500000 5 5 0.5445 0.01207
0006 500000 5 9 0.6346 0.01702
0006 500000 6 12 3.3941 0.08301
0006 500000 6 5 0.6442 0.01529
0006 500000 6 9 9.2807 0.00309
0006 500000 7 12 2.1342 1.00295
0006 500000 7 5 0.7352 0.02303
0006 500000 7 9 4.2241 0.13818
0006 500000 8 12 3.3704 0.22763
0006 500000 8 5 0.7680 0.05082
0006 500000 8 9 5.6926 0.04374
0006 5000000 -2 12 -0.2104 0.00417
0006 5000000 -2 5 -0.2207 0.00576
0006 5000000 -2 9 -0.2171 0.00471
0006 5000000 0 12 -0.0001 0.00329
0006 5000000 0 5 -0.0000 0.00547
0006 5000000 0 9 -0.0001 0.00417
0006 5000000 1 12 0.1078 0.00346
0006 5000000 1 5 0.1103 0.00557
0006 5000000 1 9 0.1092 0.00429
0006 5000000 10 12 1.0592 0.01910
0006 5000000 10 5 1.0831 0.01267
0006 5000000 10 9 1.0519 0.02088
0006 5000000 2 12 0.2104 0.00418
0006 5000000 2 5 0.2207 0.00577
0006 5000000 2 9 0.2171 0.00471
0006 5000000 3 12 0.3194 0.00503
0006 5000000 3 5 0.3312 0.00584
0006 5000000 3 9 0.3213 0.00511
0006 5000000 4 12 0.4490 0.00592
0006 5000000 4 5 0.4403 0.00595
0006 5000000 4 9 0.4463 0.00572
0006 5000000 5 12 0.5552 0.00650
0006 5000000 5 5 0.5463 0.00633
0006 5000000 5 9 0.5554 0.00636
0006 5000000 6 12 0.6621 0.00769
0006 5000000 6 5 0.6635 0.00703
0006 5000000 6 9 0.6633 0.00716
0006 5000000 7 12 0.7642 0.01054
0006 5000000 7 5 0.7706 0.00814
0006 5000000 7 9 0.7704 0.00830
0006 5000000 8 12 0.8876 0.01488
0006 5000000 8 5 0.8767 0.00941
0006 5000000 8 9 0.8748 0.01012
0006 750000 -2 12 -0.2449 0.00469
0006 750000 -2 5 -0.2282 0.00657
0006 750000 -2 9 -0.2411 0.00542
0006 750000 0 12 0.0000 0.00398
0006 750000 0 5 -0.0000 0.00443
0006 750000 0 9 0.0000 0.00393
0006 750000 1 12 0.1480 0.00392
0006 750000 1 5 0.0999 0.00501
0006 750000 1 9 0.1424 0.00406
0006 750000 10 12 12.1930 0.10439
0006 750000 10 5 1.3853 0.05625
0006 750000 10 9 2.1161 0.02650
0006 750000 2 12 0.2450 0.00469
0006 750000 2 5 0.2283 0.00657
0006 750000 2 9 0.2412 0.00542
0006 750000 3 12 0.3413 0.00722
0006 750000 3 5 0.3389 0.00791
0006 750000 3 9 0.3400 0.00759
0006 750000 4 12 0.5248 0.01456
0006 750000 4 5 0.4432 0.00890
0006 750000 4 9 0.4426 0.00939
0006 750000 5 12 0.6347 0.05017
0006 750000 5 5 0.5478 0.01025
0006 750000 5 9 0.7020 0.01536
0006 750000 6 12 2.4608 0.73906
0006 750000 6 5 0.6500 0.01259
0006 750000 6 9 0.6403 0.01943
0006 750000 7 12 5.5254 0.49964
0006 750000 7 5 0.7495 0.01581
0006 750000 7 9 2.2512 0.21541
0006 750000 8 12 6.6819 1.77617
0006 750000 8 5 0.8312 0.02496
0006 750000 8 9 1.0328 0.05478
0009 1000000 -2 12 -0.2313 0.00507
0009 1000000 -2 5 -0.2129 0.00630
0009 1000000 -2 9 -0.2092 0.00530
0009 1000000 0 12 -0.0000 0.00388
0009 1000000 0 5 -0.0000 0.00576
0009 1000000 0 9 -0.0001 0.00430
0009 1000000 1 12 0.0999 0.00421
0009 1000000 1 5 0.1073 0.00589
0009 1000000 1 9 0.1023 0.00456
0009 1000000 10 12 1.0294 0.02422
0009 1000000 10 5 1.0708 0.01597
0009 1000000 10 9 1.0573 0.01823
0009 1000000 2 12 0.2313 0.00507
0009 1000000 2 5 0.2129 0.00631
0009 1000000 2 9 0.2091 0.00530
0009 1000000 3 12 0.3791 0.00626
0009 1000000 3 5 0.3169 0.00707
0009 1000000 3 9 0.3419 0.00645
0009 1000000 4 12 0.4893 0.00766
0009 1000000 4 5 0.4337 0.00805
0009 1000000 4 9 0.4808 0.00788
0009 1000000 5 12 0.5825 0.00912
0009 1000000 5 5 0.5615 0.00900
0009 1000000 5 9 0.5830 0.00897
0009 1000000 6 12 0.6755 0.01072
0009 1000000 6 5 0.6787 0.00998
0009 1000000 6 9 0.6785 0.01011
0009 1000000 7 12 0.7688 0.01264
0009 1000000 7 5 0.7766 0.01108
0009 1000000 7 9 0.7750 0.01146
0009 1000000 8 12 0.8596 0.01470
0009 1000000 8 5 0.8759 0.01242
0009 1000000 8 9 0.8715 0.01331
0009 2000000 -2 12 -0.2104 0.00437
0009 2000000 -2 5 -0.2195 0.00619
0009 2000000 -2 9 -0.2151 0.00489
0009 2000000 0 12 -0.0000 0.00364
0009 2000000 0 5 -0.0000 0.00576
0009 2000000 0 9 -0.0000 0.00435
0009 2000000 1 12 0.1064 0.00382
0009 2000000 1 5 0.1100 0.00588
0009 2000000 1 9 0.1084 0.00447
0009 2000000 10 12 1.0734 0.01546
0009 2000000 10 5 1.0876 0.01302
0009 2000000 10 9 1.2156 0.01295
0009 2000000 2 12 0.2104 0.00436
0009 2000000 2 5 0.2195 0.00618
0009 2000000 2 9 0.2151 0.00488
0009 2000000 3 12 0.3245 0.00532
0009 2000000 3 5 0.3278 0.00660
0009 2000000 3 9 0.3192 0.00567
0009 2000000 4 12 0.4601 0.00659
0009 2000000 4 5 0.4342 0.00704
0009 2000000 4 9 0.4375 0.00667
0009 2000000 5 12 0.5940 0.00769
0009 2000000 5 5 0.5423 0.00762
0009 2000000 5 9 0.5703 0.00759
0009 2000000 6 12 0.6878 0.00867
0009 2000000 6 5 0.6637 0.00843
0009 2000000 6 9 0.6886 0.00848
0009 2000000 7 12 0.7840 0.00975
0009 2000000 7 5 0.7857 0.00935
0009 2000000 7 9 0.7857 0.00941
0009 2000000 8 12 0.8805 0.01139
0009 2000000 8 5 0.8856 0.01039
0009 2000000 8 9 0.8848 0.01060
0009 500000 -2 12 -0.2882 0.00617
0009 500000 -2 5 -0.2104 0.00698
0009 500000 -2 9 -0.2610 0.00646
0009 500000 0 12 -0.0000 0.00582
0009 500000 0 5 -0.0000 0.00596
0009 500000 0 9 -0.0000 0.00530
0009 500000 1 12 0.1610 0.00583
0009 500000 1 5 0.1016 0.00620
0009 500000 1 9 0.1153 0.00560
0009 500000 10 12 4.7572 0.22709
0009 500000 10 5 1.0416 0.02107
0009 500000 10 9 1.0058 0.02944
0009 500000 2 12 0.2882 0.00617
0009 500000 2 5 0.2104 0.00698
0009 500000 2 9 0.2610 0.00646
0009 500000 3 12 0.3884 0.00704
0009 500000 3 5 0.3342 0.00821
0009 500000 3 9 0.3858 0.00756
0009 500000 4 12 0.4832 0.00860
0009 500000 4 5 0.4685 0.00962
0009 500000 4 9 0.4809 0.00904
0009 500000 5 12 0.5731 0.01101
0009 500000 5 5 0.5733 0.01076
0009 500000 5 9 0.5738 0.01077
0009 500000 6 12 0.6636 0.01343
0009 500000 6 5 0.6694 0.01202
0009 500000 6 9 0.6667 0.01267
0009 500000 7 12 0.7538 0.01701
0009 500000 7 5 0.7663 0.01354
0009 500000 7 9 0.7594 0.01499
0009 500000 8 12 0.8391 0.02427
0009 500000 8 5 0.8619 0.01553
0009 500000 8 9 0.8497 0.01828
0009 5000000 -2 12 -0.2213 0.00438
0009 5000000 -2 5 -0.2234 0.00604
0009 5000000 -2 9 -0.2222 0.00500
0009 5000000 0 12 -0.0000 0.00399
0009 5000000 0 5 -0.0000 0.00576
0009 5000000 0 9 -0.0000 0.00465
0009 5000000 1 12 0.1110 0.00409
0009 5000000 1 5 0.1117 0.00585
0009 5000000 1 9 0.1113 0.00475
0009 5000000 10 12 1.1011 0.01081
0009 5000000 10 5 1.1025 0.01051
0009 5000000 10 9 1.1028 0.01049
0009 5000000 2 12 0.2213 0.00438
0009 5000000 2 5 0.2233 0.00605
0009 5000000 2 9 0.2222 0.00501
0009 5000000 3 12 0.3297 0.00488
0009 5000000 3 5 0.3350 0.00626
0009 5000000 3 9 0.3323 0.00535
0009 5000000 4 12 0.4355 0.00552
0009 5000000 4 5 0.4463 0.00650
0009 5000000 4 9 0.4411 0.00577
0009 5000000 5 12 0.5497 0.00621
0009 5000000 5 5 0.5569 0.00676
0009 5000000 5 9 0.5477 0.00625
0009 5000000 6 12 0.6792 0.00696
0009 5000000 6 5 0.6654 0.00711
0009 5000000 6 9 0.6577 0.00687
0009 5000000 7 12 0.7987 0.00771
0009 5000000 7 5 0.7708 0.00766
0009 5000000 7 9 0.7902 0.00764
0009 5000000 8 12 0.8961 0.00861
0009 5000000 8 5 0.8892 0.00849
0009 5000000 8 9 0.8969 0.00847
0009 750000 -2 12 -0.2605 0.00556
0009 750000 -2 5 -0.2088 0.00648
0009 750000 -2 9 -0.2212 0.00569
0009 750000 0 12 -0.0000 0.00439
0009 750000 0 5 -0.0000 0.00580
0009 750000 0 9 -0.0000 0.00450
0009 750000 1 12 0.1107 0.00472
0009 750000 1 5 0.1051 0.00594
0009 750000 1 9 0.1009 0.00484
0009 750000 10 12 0.9999 0.03239
0009 750000 10 5 1.0599 0.01785
0009 750000 10 9 1.0361 0.02218
0009 750000 2 12 0.2604 0.00556
0009 750000 2 5 0.2088 0.00647
0009 750000 2 9 0.2211 0.00569
0009 750000 3 12 0.3896 0.00659
0009 750000 3 5 0.3193 0.00747
0009 750000 3 9 0.3657 0.00693
0009 750000 4 12 0.4863 0.00802
0009 750000 4 5 0.4447 0.00864
0009 750000 4 9 0.4847 0.00838
0009 750000 5 12 0.5788 0.00977
0009 750000 5 5 0.5762 0.00972
0009 750000 5 9 0.5790 0.00965
0009 750000 6 12 0.6718 0.01152
0009 750000 6 5 0.6748 0.01077
0009 750000 6 9 0.6737 0.01108
0009 750000 7 12 0.7636 0.01390
0009 750000 7 5 0.7723 0.01204
0009 750000 7 9 0.7681 0.01290
0009 750000 8 12 0.8522 0.01796
0009 750000 8 5 0.8704 0.01361
0009 750000 8 9 0.8610 0.01540
0012 1000000 -2 12 -0.2112 0.00545
0012 1000000 -2 5 -0.2182 0.00694
0012 1000000 -2 9 -0.2144 0.00581
0012 1000000 0 12 -0.0000 0.00490
0012 1000000 0 5 -0.0000 0.00662
0012 1000000 0 9 -0.0000 0.00541
0012 1000000 1 12 0.1061 0.00503
0012 1000000 1 5 0.1095 0.00670
0012 1000000 1 9 0.1075 0.00550
0012 1000000 10 12 1.0677 0.01626
0012 1000000 10 5 1.0836 0.01466
0012 1000000 10 9 1.0809 0.01498
0012 1000000 2 12 0.2112 0.00544
0012 1000000 2 5 0.2181 0.00694
0012 1000000 2 9 0.2144 0.00581
0012 1000000 3 12 0.3158 0.00615
0012 1000000 3 5 0.3253 0.00736
0012 1000000 3 9 0.3200 0.00640
0012 1000000 4 12 0.4480 0.00719
0012 1000000 4 5 0.4309 0.00800
0012 1000000 4 9 0.4278 0.00728
0012 1000000 5 12 0.5928 0.00848
0012 1000000 5 5 0.5363 0.00882
0012 1000000 5 9 0.5579 0.00848
0012 1000000 6 12 0.7382 0.00992
0012 1000000 6 5 0.6510 0.00977
0012 1000000 6 9 0.6948 0.00973
0012 1000000 7 12 0.8263 0.01105
0012 1000000 7 5 0.7733 0.01083
0012 1000000 7 9 0.8269 0.01094
0012 1000000 8 12 0.9086 0.01231
0012 1000000 8 5 0.9007 0.01203
0012 1000000 8 9 0.9102 0.01211
0012 2000000 -2 12 -0.2197 0.00489
0012 2000000 -2 5 -0.2223 0.00660
0012 2000000 -2 9 -0.2210 0.00544
0012 2000000 0 12 0.0000 0.00459
0012 2000000 0 5 0.0000 0.00631
0012 2000000 0 9 0.0000 0.00515
0012 2000000 1 12 0.1102 0.00465
0012 2000000 1 5 0.1113 0.00639
0012 2000000 1 9 0.1108 0.00522
0012 2000000 10 12 1.1032 0.01260
0012 2000000 10 5 1.1047 0.01239
0012 2000000 10 9 1.1045 0.01245
0012 2000000 2 12 0.2197 0.00489
0012 2000000 2 5 0.2222 0.00661
0012 2000000 2 9 0.2209 0.00544
0012 2000000 3 12 0.3277 0.00536
0012 2000000 3 5 0.3322 0.00694
0012 2000000 3 9 0.3298 0.00584
0012 2000000 4 12 0.4325 0.00608
0012 2000000 4 5 0.4413 0.00737
0012 2000000 4 9 0.4366 0.00646
0012 2000000 5 12 0.5417 0.00704
0012 2000000 5 5 0.5493 0.00785
0012 2000000 5 9 0.5415 0.00726
0012 2000000 6 12 0.6738 0.00814
0012 2000000 6 5 0.6554 0.00846
0012 2000000 6 9 0.6555 0.00814
0012 2000000 7 12 0.8112 0.00927
0012 2000000 7 5 0.7616 0.00921
0012 2000000 7 9 0.7841 0.00913
0012 2000000 8 12 0.9338 0.01035
0012 2000000 8 5 0.8781 0.01013
0012 2000000 8 9 0.9150 0.01017
0012 500000 -2 12 -0.2190 0.00714
0012 500000 -2 5 -0.2110 0.00761
0012 500000 -2 9 -0.2081 0.00695
0012 500000 0 12 -0.0000 0.00607
0012 500000 0 5 -0.0000 0.00719
0012 500000 0 9 -0.0000 0.00617
0012 500000 1 12 0.0995 0.00636
0012 500000 1 5 0.1057 0.00729
0012 500000 1 9 0.1035 0.00637
0012 500000 10 12 1.0290 0.02208
0012 500000 10 5 1.0580 0.01784
0012 500000 10 9 1.0403 0.01963
0012 500000 2 12 0.2189 0.00714
0012 500000 2 5 0.2110 0.00761
0012 500000 2 9 0.2081 0.00695
0012 500000 3 12 0.3779 0.00809
0012 500000 3 5 0.3165 0.00826
0012 500000 3 9 0.3321 0.00786
0012 500000 4 12 0.5408 0.00908
0012 500000 4 5 0.4283 0.00924
0012 500000 4 9 0.4805 0.00900
0012 500000 5 12 0.6383 0.01017
0012 500000 5 5 0.5510 0.01046
0012 500000 5 9 0.6276 0.01037
0012 500000 6 12 0.7219 0.01173
0012 500000 6 5 0.6803 0.01176
0012 500000 6 9 0.7219 0.01168
0012 500000 7 12 0.7994 0.01368
0012 500000 7 5 0.8040 0.01308
0012 500000 7 9 0.8042 0.01311
0012 500000 8 12 0.8785 0.01555
0012 500000 8 5 0.8882 0.01443
0012 500000 8 9 0.8853 0.01478
0012 5000000 -2 12 -0.2250 0.00477
0012 5000000 -2 5 -0.2254 0.00629
0012 5000000 -2 9 -0.2251 0.00533
0012 5000000 0 12 -0.0000 0.00454
0012 5000000 0 5 -0.0000 0.00607
0012 5000000 0 9 -0.0000 0.00509
0012 5000000 1 12 0.1128 0.00460
0012 5000000 1 5 0.1128 0.00611
0012 5000000 1 9 0.1128 0.00514
0012 5000000 10 12 1.1337 0.01018
0012 5000000 10 5 1.1004 0.01013
0012 5000000 10 9 1.1338 0.01015
0012 5000000 2 12 0.2250 0.00477
0012 5000000 2 5 0.2254 0.00628
0012 5000000 2 9 0.2251 0.00532
0012 5000000 3 12 0.3365 0.00510
0012 5000000 3 5 0.3378 0.00655
0012 5000000 3 9 0.3370 0.00561
0012 5000000 4 12 0.4468 0.00554
0012 5000000 4 5 0.4499 0.00683
0012 5000000 4 9 0.4479 0.00600
0012 5000000 5 12 0.5559 0.00610
0012 5000000 5 5 0.5614 0.00716
0012 5000000 5 9 0.5583 0.00642
0012 5000000 6 12 0.6626 0.00675
0012 5000000 6 5 0.6721 0.00753
0012 5000000 6 9 0.6670 0.00695
0012 5000000 7 12 0.7703 0.00744
0012 5000000 7 5 0.7813 0.00798
0012 5000000 7 9 0.7739 0.00755
0012 5000000 8 12 0.8957 0.00827
0012 5000000 8 5 0.8885 0.00851
0012 5000000 8 9 0.8827 0.00827
0012 750000 -2 12 -0.2064 0.00594
0012 750000 -2 5 -0.2154 0.00715
0012 750000 -2 9 -0.2109 0.00615
0012 750000 0 12 -0.0000 0.00522
0012 750000 0 5 0.0000 0.00682
0012 750000 0 9 -0.0000 0.00562
0012 750000 1 12 0.1039 0.00541
0012 750000 1 5 0.1081 0.00690
0012 750000 1 9 0.1057 0.00574
0012 750000 10 12 1.0532 0.01797
0012 750000 10 5 1.0742 0.01581
0012 750000 10 9 1.0648 0.01676
0012 750000 2 12 0.2063 0.00595
0012 750000 2 5 0.2154 0.00715
0012 750000 2 9 0.2109 0.00615
0012 750000 3 12 0.3285 0.00682
0012 750000 3 5 0.3213 0.00764
0012 750000 3 9 0.3166 0.00686
0012 750000 4 12 0.4800 0.00792
0012 750000 4 5 0.4263 0.00841
0012 750000 4 9 0.4398 0.00788
0012 750000 5 12 0.6302 0.00926
0012 750000 5 5 0.5375 0.00942
0012 750000 5 9 0.5810 0.00920
0012 750000 6 12 0.7337 0.01059
0012 750000 6 5 0.6589 0.01051
0012 750000 6 9 0.7220 0.01057
0012 750000 7 12 0.8155 0.01202
0012 750000 7 5 0.7874 0.01171
0012 750000 7 9 0.8174 0.01176
0012 750000 8 12 0.8953 0.01361
0012 750000 8 5 0.9009 0.01298
0012 750000 8 9 0.9004 0.01306
0015 1000000 -2 12 -0.2163 0.00618
0015 1000000 -2 5 -0.2197 0.00760
0015 1000000 -2 9 -0.2178 0.00656
0015 1000000 0 12 -0.0000 0.00589
0015 1000000 0 5 -0.0000 0.00737
0015 1000000 0 9 -0.0000 0.00633
0015 1000000 1 12 0.1083 0.00596
0015 1000000 1 5 0.1101 0.00743
0015 1000000 1 9 0.1091 0.00638
0015 1000000 10 12 1.1126 0.01457
0015 1000000 10 5 1.0984 0.01441
0015 1000000 10 9 1.1157 0.01439
0015 1000000 2 12 0.2163 0.00618
0015 1000000 2 5 0.2197 0.00760
0015 1000000 2 9 0.2178 0.00656
0015 1000000 3 12 0.3239 0.00656
0015 1000000 3 5 0.3284 0.00789
0015 1000000 3 9 0.3258 0.00690
0015 1000000 4 12 0.4286 0.00716
0015 1000000 4 5 0.4355 0.00833
0015 1000000 4 9 0.4326 0.00742
0015 1000000 5 12 0.5310 0.00802
0015 1000000 5 5 0.5410 0.00895
0015 1000000 5 9 0.5370 0.00818
0015 1000000 6 12 0.6647 0.00920
0015 1000000 6 5 0.6449 0.00970
0015 1000000 6 9 0.6436 0.00917
0015 1000000 7 12 0.8067 0.01060
0015 1000000 7 5 0.7480 0.01063
0015 1000000 7 9 0.7708 0.01042
0015 1000000 8 12 0.9513 0.01197
0015 1000000 8 5 0.8583 0.01171
0015 1000000 8 9 0.9046 0.01173
0015 2000000 -2 12 -0.2229 0.00554
0015 2000000 -2 5 -0.2236 0.00704
0015 2000000 -2 9 -0.2234 0.00602
0015 2000000 0 12 -0.0000 0.00536
0015 2000000 0 5 -0.0000 0.00681
0015 2000000 0 9 -0.0000 0.00583
0015 2000000 1 12 0.1116 0.00539
0015 2000000 1 5 0.1120 0.00689
0015 2000000 1 9 0.1119 0.00587
0015 2000000 10 12 1.1533 0.01226
0015 2000000 10 5 1.0807 0.01211
0015 2000000 10 9 1.1214 0.01214
0015 2000000 2 12 0.2229 0.00554
0015 2000000 2 5 0.2236 0.00704
0015 2000000 2 9 0.2234 0.00602
0015 2000000 3 12 0.3334 0.00581
0015 2000000 3 5 0.3344 0.00732
0015 2000000 3 9 0.3339 0.00629
0015 2000000 4 12 0.4424 0.00624
0015 2000000 4 5 0.4442 0.00770
0015 2000000 4 9 0.4430 0.00669
0015 2000000 5 12 0.5497 0.00687
0015 2000000 5 5 0.5528 0.00817
0015 2000000 5 9 0.5510 0.00724
0015 2000000 6 12 0.6526 0.00767
0015 2000000 6 5 0.6602 0.00870
0015 2000000 6 9 0.6566 0.00796
0015 2000000 7 12 0.7521 0.00861
0015 2000000 7 5 0.7659 0.00933
0015 2000000 7 9 0.7596 0.00880
0015 2000000 8 12 0.8862 0.00979
0015 2000000 8 5 0.8692 0.01009
0015 2000000 8 9 0.8688 0.00976
0015 500000 -2 12 -0.2078 0.00765
0015 500000 -2 5 -0.2134 0.00848
0015 500000 -2 9 -0.2111 0.00769
0015 500000 0 12 -0.0000 0.00712
0015 500000 0 5 -0.0000 0.00823
0015 500000 0 9 -0.0000 0.00732
0015 500000 1 12 0.1044 0.00724
0015 500000 1 5 0.1069 0.00829
0015 500000 1 9 0.1056 0.00740
0015 500000 10 12 1.0525 0.01821
0015 500000 10 5 1.0702 0.01720
0015 500000 10 9 1.0650 0.01747
0015 500000 2 12 0.2078 0.00765
0015 500000 2 5 0.2134 0.00848
0015 500000 2 9 0.2111 0.00769
0015 500000 3 12 0.3105 0.00838
0015 500000 3 5 0.3192 0.00885
0015 500000 3 9 0.3157 0.00823
0015 500000 4 12 0.4398 0.00944
0015 500000 4 5 0.4241 0.00946
0015 500000 4 9 0.4238 0.00905
0015 500000 5 12 0.6015 0.01057
0015 500000 5 5 0.5287 0.01031
0015 500000 5 9 0.5509 0.01016
0015 500000 6 12 0.7608 0.01183
0015 500000 6 5 0.6388 0.01142
0015 500000 6 9 0.6967 0.01149
0015 500000 7 12 0.8763 0.01317
0015 500000 7 5 0.7577 0.01272
0015 500000 7 9 0.8405 0.01292
0015 500000 8 12 0.9427 0.01456
0015 500000 8 5 0.8835 0.01418
0015 500000 8 9 0.9453 0.01435
0015 5000000 -2 12 -0.2274 0.00519
0015 5000000 -2 5 -0.2269 0.00655
0015 5000000 -2 9 -0.2273 0.00567
0015 5000000 0 12 -0.0000 0.00504
0015 5000000 0 5 -0.0000 0.00638
0015 5000000 0 9 -0.0000 0.00549
0015 5000000 1 12 0.1138 0.00507
0015 5000000 1 5 0.1135 0.00642
0015 5000000 1 9 0.1137 0.00553
0015 5000000 10 12 1.1078 0.00984
0015 5000000 10 5 1.1018 0.01017
0015 5000000 10 9 1.0962 0.00985
0015 5000000 2 12 0.2274 0.00519
0015 5000000 2 5 0.2269 0.00656
0015 5000000 2 9 0.2273 0.00567
0015 5000000 3 12 0.3403 0.00541
0015 5000000 3 5 0.3399 0.00679
0015 5000000 3 9 0.3400 0.00592
0015 5000000 4 12 0.4519 0.00576
0015 5000000 4 5 0.4521 0.00710
0015 5000000 4 9 0.4521 0.00622
0015 5000000 5 12 0.5629 0.00619
0015 5000000 5 5 0.5637 0.00745
0015 5000000 5 9 0.5631 0.00662
0015 5000000 6 12 0.6723 0.00674
0015 5000000 6 5 0.6745 0.00785
0015 5000000 6 9 0.6733 0.00708
0015 5000000 7 12 0.7804 0.00736
0015 5000000 7 5 0.7842 0.00833
0015 5000000 7 9 0.7819 0.00764
0015 5000000 8 12 0.8856 0.00808
0015 5000000 8 5 0.8923 0.00884
0015 5000000 8 9 0.8892 0.00827
0015 750000 -2 12 -0.2133 0.00663
0015 750000 -2 5 -0.2173 0.00791
0015 750000 -2 9 -0.2148 0.00693
0015 750000 0 12 -0.0000 0.00628
0015 750000 0 5 -0.0000 0.00768
0015 750000 0 9 -0.0000 0.00665
0015 750000 1 12 0.1066 0.00637
0015 750000 1 5 0.1089 0.00774
0015 750000 1 9 0.1074 0.00672
0015 750000 10 12 1.0889 0.01587
0015 750000 10 5 1.0955 0.01552
0015 750000 10 9 1.0958 0.01550
0015 750000 2 12 0.2132 0.00663
0015 750000 2 5 0.2173 0.00791
0015 750000 2 9 0.2148 0.00693
0015 750000 3 12 0.3184 0.00711
0015 750000 3 5 0.3247 0.00823
0015 750000 3 9 0.3218 0.00732
0015 750000 4 12 0.4196 0.00786
0015 750000 4 5 0.4307 0.00872
0015 750000 4 9 0.4269 0.00794
0015 750000 5 12 0.5489 0.00892
0015 750000 5 5 0.5354 0.00940
0015 750000 5 9 0.5330 0.00883
0015 750000 6 12 0.6986 0.01021
0015 750000 6 5 0.6388 0.01031
0015 750000 6 9 0.6528 0.00998
0015 750000 7 12 0.8454 0.01160
0015 750000 7 5 0.7465 0.01140
0015 750000 7 9 0.7949 0.01135
0015 750000 8 12 0.9675 0.01306
0015 750000 8 5 0.8647 0.01262
0015 750000 8 9 0.9321 0.01278
0018 1000000 -2 12 -0.2169 0.00699
0018 1000000 -2 5 -0.2190 0.00825
0018 1000000 -2 9 -0.2178 0.00734
0018 1000000 0 12 0.0000 0.00682
0018 1000000 0 5 0.0000 0.00808
0018 1000000 0 9 0.0000 0.00715
0018 1000000 1 12 0.1087 0.00687
0018 1000000 1 5 0.1098 0.00811
0018 1000000 1 9 0.1091 0.00720
0018 1000000 10 12 1.1517 0.01452
0018 1000000 10 5 1.0397 0.01407
0018 1000000 10 9 1.1007 0.01413
0018 1000000 2 12 0.2170 0.00699
0018 1000000 2 5 0.2191 0.00825
0018 1000000 2 9 0.2178 0.00734
0018 1000000 3 12 0.3250 0.00723
0018 1000000 3 5 0.3274 0.00850
0018 1000000 3 9 0.3262 0.00756
0018 1000000 4 12 0.4321 0.00761
0018 1000000 4 5 0.4346 0.00884
0018 1000000 4 9 0.4334 0.00791
0018 1000000 5 12 0.5371 0.00818
0018 1000000 5 5 0.5400 0.00932
0018 1000000 5 9 0.5392 0.00843
0018 1000000 6 12 0.6372 0.00896
0018 1000000 6 5 0.6431 0.00994
0018 1000000 6 9 0.6421 0.00915
0018 1000000 7 12 0.7400 0.01000
0018 1000000 7 5 0.7443 0.01067
0018 1000000 7 9 0.7405 0.01004
0018 1000000 8 12 0.8753 0.01134
0018 1000000 8 5 0.8413 0.01161
0018 1000000 8 9 0.8442 0.01115
0018 2000000 -2 12 -0.2234 0.00617
0018 2000000 -2 5 -0.2234 0.00751
0018 2000000 -2 9 -0.2238 0.00661
0018 2000000 0 12 0.0000 0.00600
0018 2000000 0 5 0.0000 0.00733
0018 2000000 0 9 0.0000 0.00642
0018 2000000 1 12 0.1119 0.00605
0018 2000000 1 5 0.1118 0.00738
0018 2000000 1 9 0.1123 0.00647
0018 2000000 10 12 1.0904 0.01167
0018 2000000 10 5 1.0582 0.01203
0018 2000000 10 9 1.0645 0.01163
0018 2000000 2 12 0.2235 0.00617
0018 2000000 2 5 0.2235 0.00751
0018 2000000 2 9 0.2239 0.00661
0018 2000000 3 12 0.3345 0.00636
0018 2000000 3 5 0.3339 0.00775
0018 2000000 3 9 0.3348 0.00681
0018 2000000 4 12 0.4445 0.00666
0018 2000000 4 5 0.4439 0.00806
0018 2000000 4 9 0.4448 0.00710
0018 2000000 5 12 0.5529 0.00710
0018 2000000 5 5 0.5522 0.00849
0018 2000000 5 9 0.5530 0.00752
0018 2000000 6 12 0.6593 0.00770
0018 2000000 6 5 0.6589 0.00899
0018 2000000 6 9 0.6591 0.00808
0018 2000000 7 12 0.7628 0.00843
0018 2000000 7 5 0.7635 0.00958
0018 2000000 7 9 0.7641 0.00874
0018 2000000 8 12 0.8602 0.00929
0018 2000000 8 5 0.8660 0.01025
0018 2000000 8 9 0.8646 0.00957
0018 500000 -2 12 -0.2094 0.00854
0018 500000 -2 5 -0.2123 0.00939
0018 500000 -2 9 -0.2108 0.00862
0018 500000 0 12 0.0000 0.00824
0018 500000 0 5 0.0000 0.00917
0018 500000 0 9 0.0000 0.00839
0018 500000 1 12 0.1048 0.00831
0018 500000 1 5 0.1065 0.00923
0018 500000 1 9 0.1054 0.00844
0018 500000 10 12 1.0963 0.01757
0018 500000 10 5 1.0584 0.01714
0018 500000 10 9 1.1041 0.01731
0018 500000 2 12 0.2094 0.00854
0018 500000 2 5 0.2123 0.00939
0018 500000 2 9 0.2108 0.00862
0018 500000 3 12 0.3131 0.00896
0018 500000 3 5 0.3174 0.00967
0018 500000 3 9 0.3158 0.00895
0018 500000 4 12 0.4136 0.00962
0018 500000 4 5 0.4216 0.01007
0018 500000 4 9 0.4194 0.00947
0018 500000 5 12 0.5172 0.01058
0018 500000 5 5 0.5241 0.01067
0018 500000 5 9 0.5219 0.01023
0018 500000 6 12 0.6629 0.01193
0018 500000 6 5 0.6243 0.01149
0018 500000 6 9 0.6285 0.01127
0018 500000 7 12 0.8191 0.01330
0018 500000 7 5 0.7232 0.01252
0018 500000 7 9 0.7599 0.01261
0018 500000 8 12 0.9721 0.01485
0018 500000 8 5 0.8265 0.01381
0018 500000 8 9 0.9015 0.01415
0018 5000000 -2 12 -0.2282 0.00562
0018 5000000 -2 5 -0.2272 0.00687
0018 5000000 -2 9 -0.2280 0.00604
0018 5000000 0 12 0.0000 0.00546
0018 5000000 0 5 0.0000 0.00669
0018 5000000 0 9 0.0000 0.00590
0018 5000000 1 12 0.1146 0.00551
0018 5000000 1 5 0.1137 0.00676
0018 5000000 1 9 0.1142 0.00591
0018 5000000 10 12 1.0930 0.00960
0018 5000000 10 5 1.0956 0.01042
0018 5000000 10 9 1.0956 0.00980
0018 5000000 2 12 0.2283 0.00562
0018 5000000 2 5 0.2273 0.00687
0018 5000000 2 9 0.2281 0.00604
0018 5000000 3 12 0.3419 0.00578
0018 5000000 3 5 0.3400 0.00709
0018 5000000 3 9 0.3414 0.00624
0018 5000000 4 12 0.4544 0.00605
0018 5000000 4 5 0.4524 0.00737
0018 5000000 4 9 0.4537 0.00649
0018 5000000 5 12 0.5654 0.00642
0018 5000000 5 5 0.5633 0.00772
0018 5000000 5 9 0.5647 0.00686
0018 5000000 6 12 0.6757 0.00684
0018 5000000 6 5 0.6736 0.00812
0018 5000000 6 9 0.6750 0.00726
0018 5000000 7 12 0.7843 0.00739
0018 5000000 7 5 0.7824 0.00859
0018 5000000 7 9 0.7832 0.00779
0018 5000000 8 12 0.8906 0.00802
0018 5000000 8 5 0.8893 0.00911
0018 5000000 8 9 0.8904 0.00836
0018 750000 -2 12 -0.2137 0.00748
0018 750000 -2 5 -0.2165 0.00867
0018 750000 -2 9 -0.2150 0.00776
0018 750000 0 12 0.0000 0.00728
0018 750000 0 5 0.0000 0.00846
0018 750000 0 9 0.0000 0.00759
0018 750000 1 12 0.1069 0.00733
0018 750000 1 5 0.1086 0.00852
0018 750000 1 9 0.1077 0.00763
0018 750000 10 12 1.1513 0.01576
0018 750000 10 5 1.0424 0.01521
0018 750000 10 9 1.1258 0.01552
0018 750000 2 12 0.2138 0.00748
0018 750000 2 5 0.2165 0.00867
0018 750000 2 9 0.2151 0.00777
0018 750000 3 12 0.3202 0.00778
0018 750000 3 5 0.3237 0.00891
0018 750000 3 9 0.3219 0.00802
0018 750000 4 12 0.4253 0.00825
0018 750000 4 5 0.4296 0.00928
0018 750000 4 9 0.4279 0.00844
0018 750000 5 12 0.5271 0.00893
0018 750000 5 5 0.5336 0.00980
0018 750000 5 9 0.5318 0.00904
0018 750000 6 12 0.6285 0.00988
0018 750000 6 5 0.6355 0.01047
0018 750000 6 9 0.6319 0.00987
0018 750000 7 12 0.7546 0.01114
0018 750000 7 5 0.7349 0.01132
0018 750000 7 9 0.7326 0.01086
0018 750000 8 12 0.9085 0.01265
0018 750000 8 5 0.8315 0.01238
0018 750000 8 9 0.8579 0.01222
1412 1000000 -2 12 -0.0948 0.00565
1412 1000000 -2 5 -0.1002 0.00725
1412 1000000 -2 9 -0.0964 0.00615
1412 1000000 0 12 0.1176 0.00493
1412 1000000 0 5 0.1187 0.00674
1412 1000000 0 9 0.1185 0.00546
1412 1000000 1 12 0.2219 0.00503
1412 1000000 1 5 0.2281 0.00664
1412 1000000 1 9 0.2251 0.00545
1412 1000000 10 12 1.1649 0.01602
1412 1000000 10 5 1.1742 0.01510
1412 1000000 10 9 1.1732 0.01524
1412 1000000 2 12 0.3269 0.00549
1412 1000000 2 5 0.3366 0.00669
1412 1000000 2 9 0.3301 0.00570
1412 1000000 3 12 0.4677 0.00620
1412 1000000 3 5 0.4419 0.00702
1412 1000000 3 9 0.4426 0.00626
1412 1000000 4 12 0.6214 0.00698
1412 1000000 4 5 0.5454 0.00777
1412 1000000 4 9 0.5791 0.00714
1412 1000000 5 12 0.7283 0.00791
1412 1000000 5 5 0.6649 0.00888
1412 1000000 5 9 0.7219 0.00835
1412 1000000 6 12 0.8142 0.00920
1412 1000000 6 5 0.8026 0.01012
1412 1000000 6 9 0.8103 0.00955
1412 1000000 7 12 0.8997 0.01067
1412 1000000 7 5 0.8937 0.01120
1412 1000000 7 9 0.8979 0.01082
1412 1000000 8 12 0.9888 0.01219
1412 1000000 8 5 0.9868 0.01233
1412 1000000 8 9 0.9891 0.01214
1412 2000000 -2 12 -0.0994 0.00522
1412 2000000 -2 5 -0.1033 0.00678
1412 2000000 -2 9 -0.1008 0.00574
1412 2000000 0 12 0.1202 0.00464
1412 2000000 0 5 0.1202 0.00642
1412 2000000 0 9 0.1203 0.00523
1412 2000000 1 12 0.2300 0.00460
1412 2000000 1 5 0.2317 0.00631
1412 2000000 1 9 0.2312 0.00517
1412 2000000 10 12 1.1959 0.01288
1412 2000000 10 5 1.1957 0.01285
1412 2000000 10 9 1.1960 0.01284
1412 2000000 2 12 0.3383 0.00473
1412 2000000 2 5 0.3422 0.00643
1412 2000000 2 9 0.3409 0.00522
1412 2000000 3 12 0.4436 0.00513
1412 2000000 3 5 0.4510 0.00677
1412 2000000 3 9 0.4481 0.00551
1412 2000000 4 12 0.5618 0.00588
1412 2000000 4 5 0.5577 0.00724
1412 2000000 4 9 0.5521 0.00619
1412 2000000 5 12 0.7016 0.00699
1412 2000000 5 5 0.6602 0.00786
1412 2000000 5 9 0.6724 0.00726
1412 2000000 6 12 0.8282 0.00824
1412 2000000 6 5 0.7620 0.00867
1412 2000000 6 9 0.8065 0.00841
1412 2000000 7 12 0.9146 0.00928
1412 2000000 7 5 0.9026 0.00968
1412 2000000 7 9 0.9128 0.00943
1412 2000000 8 12 1.0049 0.01038
1412 2000000 8 5 1.0020 0.01062
1412 2000000 8 9 1.0041 0.01045
1412 500000 -2 12 -0.0877 0.00699
1412 500000 -2 5 -0.0949 0.00801
1412 500000 -2 9 -0.0916 0.00706
1412 500000 0 12 0.1121 0.00612
1412 500000 0 5 0.1168 0.00728
1412 500000 0 9 0.1146 0.00620
1412 500000 1 12 0.2251 0.00659
1412 500000 1 5 0.2218 0.00723
1412 500000 1 9 0.2180 0.00645
1412 500000 10 12 1.1164 0.02105
1412 500000 10 5 1.1459 0.01813
1412 500000 10 9 1.1340 0.01917
1412 500000 2 12 0.3888 0.00728
1412 500000 2 5 0.3260 0.00743
1412 500000 2 9 0.3432 0.00709
1412 500000 3 12 0.5328 0.00777
1412 500000 3 5 0.4390 0.00804
1412 500000 3 9 0.4971 0.00782
1412 500000 4 12 0.6271 0.00826
1412 500000 4 5 0.5693 0.00904
1412 500000 4 9 0.6235 0.00850
1412 500000 5 12 0.7177 0.00907
1412 500000 5 5 0.7018 0.01038
1412 500000 5 9 0.7128 0.00946
1412 500000 6 12 0.8034 0.01047
1412 500000 6 5 0.7901 0.01169
1412 500000 6 9 0.7986 0.01089
1412 500000 7 12 0.8839 0.01263
1412 500000 7 5 0.8787 0.01308
1412 500000 7 9 0.8834 0.01265
1412 500000 8 12 0.9673 0.01490
1412 500000 8 5 0.9701 0.01454
1412 500000 8 9 0.9710 0.01450
1412 5000000 -2 12 -0.1034 0.00501
1412 5000000 -2 5 -0.1060 0.00628
1412 5000000 -2 9 -0.1042 0.00547
1412 5000000 0 12 0.1221 0.00462
1412 5000000 0 5 0.1211 0.00606
1412 5000000 0 9 0.1221 0.00517
1412 5000000 1 12 0.2349 0.00453
1412 5000000 1 5 0.2340 0.00611
1412 5000000 1 9 0.2350 0.00506
1412 5000000 10 12 1.2187 0.01055
1412 5000000 10 5 1.2172 0.01068
1412 5000000 10 9 1.2188 0.01053
1412 5000000 2 12 0.3472 0.00458
1412 5000000 2 5 0.3458 0.00629
1412 5000000 2 9 0.3470 0.00517
1412 5000000 3 12 0.4578 0.00484
1412 5000000 3 5 0.4567 0.00659
1412 5000000 3 9 0.4578 0.00544
1412 5000000 4 12 0.5655 0.00533
1412 5000000 4 5 0.5673 0.00696
1412 5000000 4 9 0.5668 0.00588
1412 5000000 5 12 0.6691 0.00606
1412 5000000 5 5 0.6774 0.00733
1412 5000000 5 9 0.6736 0.00641
1412 5000000 6 12 0.7862 0.00693
1412 5000000 6 5 0.7859 0.00768
1412 5000000 6 9 0.7774 0.00711
1412 5000000 7 12 0.9156 0.00784
1412 5000000 7 5 0.8907 0.00815
1412 5000000 7 9 0.8990 0.00790
1412 5000000 8 12 1.0254 0.00872
1412 5000000 8 5 0.9977 0.00886
1412 5000000 8 9 1.0222 0.00877
1412 750000 -2 12 -0.0918 0.00603
1412 750000 -2 5 -0.0981 0.00751
1412 750000 -2 9 -0.0942 0.00643
1412 750000 0 12 0.1158 0.00525
1412 750000 0 5 0.1180 0.00692
1412 750000 0 9 0.1172 0.00567
1412 750000 1 12 0.2177 0.00549
1412 750000 1 5 0.2259 0.00684
1412 750000 1 9 0.2216 0.00573
1412 750000 10 12 1.1480 0.01767
1412 750000 10 5 1.1638 0.01621
1412 750000 10 9 1.1578 0.01679
1412 750000 2 12 0.3395 0.00612
1412 750000 2 5 0.3326 0.00691
1412 750000 2 9 0.3276 0.00614
1412 750000 3 12 0.4974 0.00684
1412 750000 3 5 0.4368 0.00730
1412 750000 3 9 0.4559 0.00683
1412 750000 4 12 0.6325 0.00747
1412 750000 4 5 0.5502 0.00821
1412 750000 4 9 0.6074 0.00769
1412 750000 5 12 0.7237 0.00830
1412 750000 5 5 0.6756 0.00945
1412 750000 5 9 0.7191 0.00875
1412 750000 6 12 0.8095 0.00967
1412 750000 6 5 0.7978 0.01075
1412 750000 6 9 0.8049 0.01009
1412 750000 7 12 0.8935 0.01139
1412 750000 7 5 0.8875 0.01191
1412 750000 7 9 0.8919 0.01152
1412 750000 8 12 0.9791 0.01335
1412 750000 8 5 0.9803 0.01316
1412 750000 8 9 0.9821 0.01302
2212 1000000 -2 12 0.0005 0.00731
2212 1000000 -2 5 -0.0114 0.00860
2212 1000000 -2 9 -0.0038 0.00769
2212 1000000 0 12 0.2006 0.00527
2212 1000000 0 5 0.2034 0.00764
2212 1000000 0 9 0.2027 0.00598
2212 1000000 1 12 0.3013 0.00562
2212 1000000 1 5 0.3105 0.00740
2212 1000000 1 9 0.3053 0.00603
2212 1000000 10 12 1.2805 0.01320
2212 1000000 10 5 1.2633 0.01474
2212 1000000 10 9 1.2738 0.01380
2212 1000000 2 12 0.4404 0.00655
2212 1000000 2 5 0.4141 0.00724
2212 1000000 2 9 0.4139 0.00665
2212 1000000 3 12 0.5906 0.00744
2212 1000000 3 5 0.5222 0.00753
2212 1000000 3 9 0.5508 0.00740
2212 1000000 4 12 0.7012 0.00802
2212 1000000 4 5 0.6430 0.00800
2212 1000000 4 9 0.6953 0.00802
2212 1000000 5 12 0.7954 0.00852
2212 1000000 5 5 0.7695 0.00844
2212 1000000 5 9 0.7954 0.00849
2212 1000000 6 12 0.8917 0.00906
2212 1000000 6 5 0.8905 0.00913
2212 1000000 6 9 0.8920 0.00901
2212 1000000 7 12 0.9907 0.00963
2212 1000000 7 5 0.9883 0.00982
2212 1000000 7 9 0.9911 0.00958
2212 1000000 8 12 1.0915 0.01035
2212 1000000 8 5 1.0834 0.01108
2212 1000000 8 9 1.0922 0.01029
2212 2000000 -2 12 -0.0059 0.00662
2212 2000000 -2 5 -0.0147 0.00788
2212 2000000 -2 9 -0.0091 0.00702
2212 2000000 0 12 0.2069 0.00513
2212 2000000 0 5 0.2088 0.00779
2212 2000000 0 9 0.2069 0.00592
2212 2000000 1 12 0.3134 0.00513
2212 2000000 1 5 0.3168 0.00703
2212 2000000 1 9 0.3153 0.00581
2212 2000000 10 12 1.2923 0.01193
2212 2000000 10 5 1.2813 0.01292
2212 2000000 10 9 1.2879 0.01233
2212 2000000 2 12 0.4165 0.00551
2212 2000000 2 5 0.4275 0.00680
2212 2000000 2 9 0.4218 0.00588
2212 2000000 3 12 0.5356 0.00613
2212 2000000 3 5 0.5367 0.00664
2212 2000000 3 9 0.5272 0.00618
2212 2000000 4 12 0.6768 0.00665
2212 2000000 4 5 0.6454 0.00682
2212 2000000 4 9 0.6510 0.00660
2212 2000000 5 12 0.8137 0.00713
2212 2000000 5 5 0.7568 0.00715
2212 2000000 5 9 0.7882 0.00706
2212 2000000 6 12 0.9089 0.00754
2212 2000000 6 5 0.8796 0.00772
2212 2000000 6 9 0.9089 0.00754
2212 2000000 7 12 1.0072 0.00798
2212 2000000 7 5 0.9982 0.00872
2212 2000000 7 9 1.0063 0.00806
2212 2000000 8 12 1.1072 0.00861
2212 2000000 8 5 1.0904 0.01012
2212 2000000 8 9 1.1029 0.00898
2212 500000 -2 12 0.0026 0.00746
2212 500000 -2 5 -0.0059 0.00959
2212 500000 -2 9 0.0035 0.00865
2212 500000 0 12 0.1938 0.00640
2212 500000 0 5 0.1981 0.00797
2212 500000 0 9 0.1946 0.00654
2212 500000 1 12 0.3546 0.00725
2212 500000 1 5 0.2984 0.00792
2212 500000 1 9 0.3080 0.00717
2212 500000 10 12 1.2644 0.01506
2212 500000 10 5 1.2433 0.01688
2212 500000 10 9 1.2589 0.01552
2212 500000 2 12 0.5036 0.00801
2212 500000 2 5 0.4094 0.00844
2212 500000 2 9 0.4671 0.00814
2212 500000 3 12 0.5946 0.00886
2212 500000 3 5 0.5393 0.00911
2212 500000 3 9 0.5931 0.00894
2212 500000 4 12 0.6857 0.00971
2212 500000 4 5 0.6774 0.00978
2212 500000 4 9 0.6853 0.00961
2212 500000 5 12 0.7796 0.01052
2212 500000 5 5 0.7776 0.01038
2212 500000 5 9 0.7784 0.01041
2212 500000 6 12 0.8748 0.01153
2212 500000 6 5 0.8741 0.01106
2212 500000 6 9 0.8747 0.01115
2212 500000 7 12 0.9734 0.01227
2212 500000 7 5 0.9726 0.01184
2212 500000 7 9 0.9732 0.01192
2212 500000 8 12 1.0714 0.01324
2212 500000 8 5 1.0714 0.01277
2212 500000 8 9 1.0725 0.01277
2212 5000000 -2 12 -0.0112 0.00605
2212 5000000 -2 5 -0.0175 0.00710
2212 5000000 -2 9 -0.0136 0.00643
2212 5000000 0 12 0.2102 0.00532
2212 5000000 0 5 0.2106 0.00703
2212 5000000 0 9 0.2107 0.00610
2212 5000000 1 12 0.3211 0.00519
2212 5000000 1 5 0.3242 0.00678
2212 5000000 1 9 0.3217 0.00572
2212 5000000 10 12 1.3076 0.01043
2212 5000000 10 5 1.3017 0.01099
2212 5000000 10 9 1.3053 0.01065
2212 5000000 2 12 0.4326 0.00514
2212 5000000 2 5 0.4364 0.00632
2212 5000000 2 9 0.4343 0.00557
2212 5000000 3 12 0.5421 0.00511
2212 5000000 3 5 0.5490 0.00603
2212 5000000 3 9 0.5457 0.00537
2212 5000000 4 12 0.6505 0.00533
2212 5000000 4 5 0.6625 0.00604
2212 5000000 4 9 0.6566 0.00547
2212 5000000 5 12 0.7694 0.00565
2212 5000000 5 5 0.7738 0.00629
2212 5000000 5 9 0.7656 0.00574
2212 5000000 6 12 0.9015 0.00605
2212 5000000 6 5 0.8797 0.00691
2212 5000000 6 9 0.8845 0.00618
2212 5000000 7 12 1.0257 0.00669
2212 5000000 7 5 0.9814 0.00782
2212 5000000 7 9 1.0092 0.00702
2212 5000000 8 12 1.1162 0.00771
2212 5000000 8 5 1.0972 0.00893
2212 5000000 8 9 1.1101 0.00821
2212 750000 -2 12 0.0037 0.00767
2212 750000 -2 5 -0.0095 0.00896
2212 750000 -2 9 -0.0006 0.00805
2212 750000 0 12 0.1969 0.00554
2212 750000 0 5 0.2016 0.00774
2212 750000 0 9 0.1997 0.00609
2212 750000 1 12 0.3053 0.00613
2212 750000 1 5 0.3064 0.00755
2212 750000 1 9 0.3004 0.00636
2212 750000 10 12 1.2754 0.01380
2212 750000 10 5 1.2552 0.01558
2212 750000 10 9 1.2676 0.01449
2212 750000 2 12 0.4693 0.00714
2212 750000 2 5 0.4079 0.00762
2212 750000 2 9 0.4284 0.00719
2212 750000 3 12 0.6022 0.00800
2212 750000 3 5 0.5241 0.00812
2212 750000 3 9 0.5755 0.00803
2212 750000 4 12 0.6944 0.00864
2212 750000 4 5 0.6538 0.00869
2212 750000 4 9 0.6942 0.00862
2212 750000 5 12 0.7882 0.00925
2212 750000 5 5 0.7872 0.00926
2212 750000 5 9 0.7886 0.00916
2212 750000 6 12 0.8843 0.00990
2212 750000 6 5 0.8840 0.00983
2212 750000 6 9 0.8850 0.00977
2212 750000 7 12 0.9827 0.01060
2212 750000 7 5 0.9824 0.01055
2212 750000 7 9 0.9836 0.01046
2212 750000 8 12 1.0836 0.01132
2212 750000 8 5 1.0797 0.01163
2212 750000 8 9 1.0849 0.01116
2312 1000000 -2 12 0.0079 0.00636
2312 1000000 -2 5 0.0001 0.00803
2312 1000000 -2 9 0.0062 0.00702
2312 1000000 0 12 0.2140 0.00512
2312 1000000 0 5 0.2178 0.00724
2312 1000000 0 9 0.2165 0.00575
2312 1000000 1 12 0.3153 0.00542
2312 1000000 1 5 0.3262 0.00696
2312 1000000 1 9 0.3200 0.00574
2312 1000000 10 12 1.2639 0.01528
2312 1000000 10 5 1.2619 0.01538
2312 1000000 10 9 1.2650 0.01515
2312 1000000 2 12 0.4570 0.00614
2312 1000000 2 5 0.4327 0.00680
2312 1000000 2 9 0.4306 0.00618
2312 1000000 3 12 0.6144 0.00676
2312 1000000 3 5 0.5397 0.00698
2312 1000000 3 9 0.5783 0.00680
2312 1000000 4 12 0.7099 0.00721
2312 1000000 4 5 0.6654 0.00747
2312 1000000 4 9 0.7089 0.00728
2312 1000000 5 12 0.8068 0.00766
2312 1000000 5 5 0.7950 0.00825
2312 1000000 5 9 0.8050 0.00779
2312 1000000 6 12 0.9047 0.00824
2312 1000000 6 5 0.8910 0.00941
2312 1000000 6 9 0.9019 0.00847
2312 1000000 7 12 1.0018 0.00918
2312 1000000 7 5 0.9831 0.01088
2312 1000000 7 9 0.9956 0.00972
2312 1000000 8 12 1.0923 0.01099
2312 1000000 8 5 1.0777 0.01233
2312 1000000 8 9 1.0862 0.01155
2312 2000000 -2 12 0.0044 0.00602
2312 2000000 -2 5 -0.0023 0.00738
2312 2000000 -2 9 0.0021 0.00649
2312 2000000 0 12 0.2207 0.00490
2312 2000000 0 5 0.2221 0.00709
2312 2000000 0 9 0.2210 0.00560
2312 2000000 1 12 0.3284 0.00485
2312 2000000 1 5 0.3325 0.00662
2312 2000000 1 9 0.3308 0.00545
2312 2000000 10 12 1.2887 0.01296
2312 2000000 10 5 1.2849 0.01326
2312 2000000 10 9 1.2875 0.01305
2312 2000000 2 12 0.4324 0.00508
2312 2000000 2 5 0.4439 0.00637
2312 2000000 2 9 0.4385 0.00539
2312 2000000 3 12 0.5566 0.00556
2312 2000000 3 5 0.5531 0.00620
2312 2000000 3 9 0.5452 0.00562
2312 2000000 4 12 0.7041 0.00602
2312 2000000 4 5 0.6578 0.00646
2312 2000000 4 9 0.6761 0.00610
2312 2000000 5 12 0.8211 0.00648
2312 2000000 5 5 0.7699 0.00733
2312 2000000 5 9 0.8110 0.00670
2312 2000000 6 12 0.9159 0.00714
2312 2000000 6 5 0.8908 0.00856
2312 2000000 6 9 0.9101 0.00761
2312 2000000 7 12 1.0074 0.00837
2312 2000000 7 5 0.9921 0.00972
2312 2000000 7 9 1.0012 0.00891
2312 2000000 8 12 1.0998 0.00998
2312 2000000 8 5 1.0904 0.01085
2312 2000000 8 9 1.0960 0.01033
2312 500000 -2 12 0.0089 0.00689
2312 500000 -2 5 0.0047 0.00893
2312 500000 -2 9 0.0086 0.00751
2312 500000 0 12 0.2086 0.00636
2312 500000 0 5 0.2128 0.00769
2312 500000 0 9 0.2083 0.00641
2312 500000 1 12 0.3713 0.00708
2312 500000 1 5 0.3144 0.00753
2312 500000 1 9 0.3260 0.00696
2312 500000 10 12 1.2282 0.01854
2312 500000 10 5 1.2331 0.01811
2312 500000 10 9 1.2342 0.01806
2312 500000 2 12 0.5100 0.00763
2312 500000 2 5 0.4293 0.00792
2312 500000 2 9 0.4954 0.00773
2312 500000 3 12 0.6041 0.00821
2312 500000 3 5 0.5633 0.00849
2312 500000 3 9 0.6013 0.00825
2312 500000 4 12 0.6989 0.00883
2312 500000 4 5 0.6915 0.00909
2312 500000 4 9 0.6964 0.00881
2312 500000 5 12 0.7948 0.00949
2312 500000 5 5 0.7877 0.00971
2312 500000 5 9 0.7920 0.00948
2312 500000 6 12 0.8915 0.01022
2312 500000 6 5 0.8832 0.01064
2312 500000 6 9 0.8898 0.01017
2312 500000 7 12 0.9905 0.01095
2312 500000 7 5 0.9751 0.01219
2312 500000 7 9 0.9874 0.01111
2312 500000 8 12 1.0834 0.01237
2312 500000 8 5 1.0639 0.01412
2312 500000 8 9 1.0767 0.01295
2312 5000000 -2 12 0.0008 0.00560
2312 5000000 -2 5 -0.0042 0.00665
2312 5000000 -2 9 -0.0012 0.00601
2312 5000000 0 12 0.2245 0.00498
2312 5000000 0 5 0.2246 0.00642
2312 5000000 0 9 0.2255 0.00574
2312 5000000 1 12 0.3367 0.00481
2312 5000000 1 5 0.3389 0.00632
2312 5000000 1 9 0.3373 0.00534
2312 5000000 10 12 1.3120 0.01085
2312 5000000 10 5 1.3086 0.01114
2312 5000000 10 9 1.3107 0.01096
2312 5000000 2 12 0.4492 0.00469
2312 5000000 2 5 0.4518 0.00603
2312 5000000 2 9 0.4505 0.00517
2312 5000000 3 12 0.5597 0.00466
2312 5000000 3 5 0.5631 0.00608
2312 5000000 3 9 0.5628 0.00506
2312 5000000 4 12 0.6658 0.00490
2312 5000000 4 5 0.6717 0.00632
2312 5000000 4 9 0.6701 0.00519
2312 5000000 5 12 0.7913 0.00553
2312 5000000 5 5 0.7784 0.00688
2312 5000000 5 9 0.7771 0.00587
2312 5000000 6 12 0.9175 0.00652
2312 5000000 6 5 0.8827 0.00757
2312 5000000 6 9 0.8979 0.00689
2312 5000000 7 12 1.0153 0.00765
2312 5000000 7 5 0.9987 0.00838
2312 5000000 7 9 1.0112 0.00798
2312 5000000 8 12 1.1114 0.00871
2312 5000000 8 5 1.1057 0.00923
2312 5000000 8 9 1.1088 0.00894
2312 750000 -2 12 0.0078 0.00638
2312 750000 -2 5 0.0017 0.00837
2312 750000 -2 9 0.0081 0.00728
2312 750000 0 12 0.2099 0.00543
2312 750000 0 5 0.2159 0.00738
2312 750000 0 9 0.2135 0.00590
2312 750000 1 12 0.3236 0.00598
2312 750000 1 5 0.3221 0.00715
2312 750000 1 9 0.3151 0.00610
2312 750000 10 12 1.2481 0.01670
2312 750000 10 5 1.2510 0.01641
2312 750000 10 9 1.2533 0.01625
2312 750000 2 12 0.4927 0.00679
2312 750000 2 5 0.4251 0.00711
2312 750000 2 9 0.4477 0.00676
2312 750000 3 12 0.6093 0.00730
2312 750000 3 5 0.5458 0.00754
2312 750000 3 9 0.6035 0.00739
2312 750000 4 12 0.7047 0.00778
2312 750000 4 5 0.6768 0.00808
2312 750000 4 9 0.7032 0.00784
2312 750000 5 12 0.8009 0.00835
2312 750000 5 5 0.7949 0.00877
2312 750000 5 9 0.7996 0.00840
2312 750000 6 12 0.8992 0.00893
2312 750000 6 5 0.8880 0.00983
2312 750000 6 9 0.8973 0.00905
2312 750000 7 12 0.9981 0.00974
2312 750000 7 5 0.9798 0.01139
2312 750000 7 9 0.9929 0.01018
2312 750000 8 12 1.0890 0.01148
2312 750000 8 5 1.0721 0.01303
2312 750000 8 9 1.0823 0.01210
2412 1000000 -2 12 0.0242 0.00616
2412 1000000 -2 5 0.0165 0.00753
2412 1000000 -2 9 0.0219 0.00659
2412 1000000 0 12 0.2350 0.00504
2412 1000000 0 5 0.2372 0.00707
2412 1000000 0 9 0.2372 0.00565
2412 1000000 1 12 0.3365 0.00515
2412 1000000 1 5 0.3464 0.00678
2412 1000000 1 9 0.3414 0.00548
2412 1000000 10 12 1.2635 0.01597
2412 1000000 10 5 1.2659 0.01572
2412 1000000 10 9 1.2670 0.01567
2412 1000000 2 12 0.4757 0.00572
2412 1000000 2 5 0.4545 0.00665
2412 1000000 2 9 0.4496 0.00578
2412 1000000 3 12 0.6215 0.00624
2412 1000000 3 5 0.5574 0.00677
2412 1000000 3 9 0.5927 0.00635
2412 1000000 4 12 0.7184 0.00669
2412 1000000 4 5 0.6814 0.00758
2412 1000000 4 9 0.7149 0.00694
2412 1000000 5 12 0.8148 0.00735
2412 1000000 5 5 0.7971 0.00880
2412 1000000 5 9 0.8096 0.00775
2412 1000000 6 12 0.9088 0.00847
2412 1000000 6 5 0.8903 0.01010
2412 1000000 6 9 0.9020 0.00906
2412 1000000 7 12 1.0002 0.01018
2412 1000000 7 5 0.9865 0.01142
2412 1000000 7 9 0.9946 0.01068
2412 1000000 8 12 1.0896 0.01215
2412 1000000 8 5 1.0828 0.01273
2412 1000000 8 9 1.0873 0.01234
2412 2000000 -2 12 0.0203 0.00560
2412 2000000 -2 5 0.0144 0.00692
2412 2000000 -2 9 0.0184 0.00604
2412 2000000 0 12 0.2405 0.00482
2412 2000000 0 5 0.2395 0.00661
2412 2000000 0 9 0.2407 0.00548
2412 2000000 1 12 0.3491 0.00464
2412 2000000 1 5 0.3516 0.00646
2412 2000000 1 9 0.3509 0.00526
2412 2000000 10 12 1.2941 0.01336
2412 2000000 10 5 1.2924 0.01347
2412 2000000 10 9 1.2939 0.01335
2412 2000000 2 12 0.4533 0.00472
2412 2000000 2 5 0.4626 0.00635
2412 2000000 2 9 0.4597 0.00515
2412 2000000 3 12 0.5752 0.00518
2412 2000000 3 5 0.5709 0.00657
2412 2000000 3 9 0.5644 0.00535
2412 2000000 4 12 0.7224 0.00578
2412 2000000 4 5 0.6741 0.00702
2412 2000000 4 9 0.6915 0.00604
2412 2000000 5 12 0.8218 0.00660
2412 2000000 5 5 0.7838 0.00791
2412 2000000 5 9 0.8156 0.00710
2412 2000000 6 12 0.9134 0.00777
2412 2000000 6 5 0.8987 0.00903
2412 2000000 6 9 0.9071 0.00830
2412 2000000 7 12 1.0072 0.00922
2412 2000000 7 5 0.9980 0.01005
2412 2000000 7 9 1.0034 0.00956
2412 2000000 8 12 1.1037 0.01061
2412 2000000 8 5 1.0983 0.01109
2412 2000000 8 9 1.1018 0.01078
2412 500000 -2 12 0.0294 0.00723
2412 500000 -2 5 0.0204 0.00844
2412 500000 -2 9 0.0258 0.00756
2412 500000 0 12 0.2278 0.00626
2412 500000 0 5 0.2336 0.00756
2412 500000 0 9 0.2291 0.00631
2412 500000 1 12 0.3867 0.00677
2412 500000 1 5 0.3372 0.00733
2412 500000 1 9 0.3444 0.00666
2412 500000 10 12 1.2145 0.01993
2412 500000 10 5 1.2321 0.01865
2412 500000 10 9 1.2271 0.01904
2412 500000 2 12 0.5202 0.00715
2412 500000 2 5 0.4427 0.00748
2412 500000 2 9 0.5041 0.00721
2412 500000 3 12 0.6157 0.00760
2412 500000 3 5 0.5786 0.00807
2412 500000 3 9 0.6112 0.00769
2412 500000 4 12 0.7113 0.00816
2412 500000 4 5 0.6981 0.00878
2412 500000 4 9 0.7065 0.00830
2412 500000 5 12 0.8070 0.00884
2412 500000 5 5 0.7909 0.00984
2412 500000 5 9 0.8024 0.00903
2412 500000 6 12 0.9030 0.00975
2412 500000 6 5 0.8827 0.01136
2412 500000 6 9 0.8967 0.01017
2412 500000 7 12 0.9931 0.01140
2412 500000 7 5 0.9739 0.01308
2412 500000 7 9 0.9858 0.01202
2412 500000 8 12 1.0722 0.01417
2412 500000 8 5 1.0642 0.01483
2412 500000 8 9 1.0708 0.01427
2412 5000000 -2 12 0.0173 0.00520
2412 5000000 -2 5 0.0130 0.00629
2412 5000000 -2 9 0.0158 0.00560
2412 5000000 0 12 0.2441 0.00488
2412 5000000 0 5 0.2415 0.00605
2412 5000000 0 9 0.2433 0.00535
2412 5000000 1 12 0.3565 0.00462
2412 5000000 1 5 0.3550 0.00609
2412 5000000 1 9 0.3567 0.00519
2412 5000000 10 12 1.3209 0.01110
2412 5000000 10 5 1.3184 0.01130
2412 5000000 10 9 1.3208 0.01110
2412 5000000 2 12 0.4689 0.00451
2412 5000000 2 5 0.4667 0.00629
2412 5000000 2 9 0.4691 0.00508
2412 5000000 3 12 0.5787 0.00457
2412 5000000 3 5 0.5764 0.00659
2412 5000000 3 9 0.5794 0.00526
2412 5000000 4 12 0.6821 0.00505
2412 5000000 4 5 0.6852 0.00706
2412 5000000 4 9 0.6862 0.00563
2412 5000000 5 12 0.8049 0.00600
2412 5000000 5 5 0.7932 0.00751
2412 5000000 5 9 0.7883 0.00638
2412 5000000 6 12 0.9214 0.00709
2412 5000000 6 5 0.8944 0.00779
2412 5000000 6 9 0.9160 0.00739
2412 5000000 7 12 1.0176 0.00806
2412 5000000 7 5 1.0090 0.00855
2412 5000000 7 9 1.0151 0.00828
2412 5000000 8 12 1.1195 0.00902
2412 5000000 8 5 1.1155 0.00938
2412 5000000 8 9 1.1180 0.00915
2412 750000 -2 12 0.0261 0.00651
2412 750000 -2 5 0.0180 0.00786
2412 750000 -2 9 0.0236 0.00693
2412 750000 0 12 0.2308 0.00534
2412 750000 0 5 0.2358 0.00724
2412 750000 0 9 0.2347 0.00582
2412 750000 1 12 0.3437 0.00570
2412 750000 1 5 0.3433 0.00697
2412 750000 1 9 0.3360 0.00581
2412 750000 10 12 1.2416 0.01774
2412 750000 10 5 1.2533 0.01681
2412 750000 10 9 1.2524 0.01692
2412 750000 2 12 0.5074 0.00629
2412 750000 2 5 0.4481 0.00687
2412 750000 2 9 0.4636 0.00630
2412 750000 3 12 0.6183 0.00672
2412 750000 3 5 0.5588 0.00720
2412 750000 3 9 0.6152 0.00688
2412 750000 4 12 0.7144 0.00723
2412 750000 4 5 0.6997 0.00805
2412 750000 4 9 0.7111 0.00741
2412 750000 5 12 0.8111 0.00788
2412 750000 5 5 0.7945 0.00917
2412 750000 5 9 0.8065 0.00819
2412 750000 6 12 0.9067 0.00889
2412 750000 6 5 0.8870 0.01060
2412 750000 6 9 0.9001 0.00943
2412 750000 7 12 0.9975 0.01062
2412 750000 7 5 0.9814 0.01207
2412 750000 7 9 0.9909 0.01120
2412 750000 8 12 1.0829 0.01292
2412 750000 8 5 1.0755 0.01353
2412 750000 8 9 1.0806 0.01310
4412 1000000 -2 12 0.2575 0.00704
4412 1000000 -2 5 0.2457 0.00798
4412 1000000 -2 9 0.2535 0.00729
4412 1000000 0 12 0.4737 0.00593
4412 1000000 0 5 0.4683 0.00786
4412 1000000 0 9 0.4741 0.00690
4412 1000000 1 12 0.5960 0.00565
4412 1000000 1 5 0.5794 0.00777
4412 1000000 1 9 0.5734 0.00595
4412 1000000 10 12 1.5357 0.01474
4412 1000000 10 5 1.4237 0.01744
4412 1000000 10 9 1.4350 0.01682
4412 1000000 2 12 0.7004 0.00614
4412 1000000 2 5 0.6876 0.00722
4412 1000000 2 9 0.6975 0.00627
4412 1000000 3 12 0.8080 0.00661
4412 1000000 3 5 0.8003 0.00705
4412 1000000 3 9 0.8053 0.00673
4412 1000000 4 12 0.9158 0.00712
4412 1000000 4 5 0.9086 0.00753
4412 1000000 4 9 0.9137 0.00720
4412 1000000 5 12 1.0231 0.00765
4412 1000000 5 5 1.0136 0.00824
4412 1000000 5 9 1.0203 0.00779
4412 1000000 6 12 1.1286 0.00826
4412 1000000 6 5 1.1107 0.00954
4412 1000000 6 9 1.1248 0.00849
4412 1000000 7 12 1.2305 0.00909
4412 1000000 7 5 1.1990 0.01141
4412 1000000 7 9 1.2223 0.00965
4412 1000000 8 12 1.3200 0.01071
4412 1000000 8 5 1.2800 0.01354
4412 1000000 8 9 1.3054 0.01175
4412 2000000 -2 12 0.2557 0.00617
4412 2000000 -2 5 0.2466 0.00718
4412 2000000 -2 9 0.2526 0.00649
4412 2000000 0 12 0.4798 0.00592
4412 2000000 0 5 0.4730 0.00705
4412 2000000 0 9 0.4775 0.00635
4412 2000000 1 12 0.5872 0.00516
4412 2000000 1 5 0.5863 0.00701
4412 2000000 1 9 0.5887 0.00604
4412 2000000 10 12 1.4761 0.01457
4412 2000000 10 5 1.4648 0.01513
4412 2000000 10 9 1.4727 0.01473
4412 2000000 2 12 0.7064 0.00514
4412 2000000 2 5 0.6987 0.00694
4412 2000000 2 9 0.6914 0.00536
4412 2000000 3 12 0.8154 0.00553
4412 2000000 3 5 0.8090 0.00655
4412 2000000 3 9 0.8138 0.00565
4412 2000000 4 12 0.9254 0.00593
4412 2000000 4 5 0.9176 0.00653
4412 2000000 4 9 0.9236 0.00606
4412 2000000 5 12 1.0344 0.00642
4412 2000000 5 5 1.0193 0.00760
4412 2000000 5 9 1.0313 0.00666
4412 2000000 6 12 1.1408 0.00709
4412 2000000 6 5 1.1157 0.00905
4412 2000000 6 9 1.1339 0.00761
4412 2000000 7 12 1.2391 0.00830
4412 2000000 7 5 1.2080 0.01068
4412 2000000 7 9 1.2279 0.00915
4412 2000000 8 12 1.3245 0.01034
4412 2000000 8 5 1.2993 0.01217
4412 2000000 8 9 1.3131 0.01118
4412 500000 -2 12 0.2611 0.00866
4412 500000 -2 5 0.2461 0.00914
4412 500000 -2 9 0.2556 0.00863
4412 500000 0 12 0.4955 0.00663
4412 500000 0 5 0.4642 0.00888
4412 500000 0 9 0.4647 0.00708
4412 500000 1 12 0.5958 0.00707
4412 500000 1 5 0.5694 0.00822
4412 500000 1 9 0.5898 0.00712
4412 500000 10 12 1.4037 0.01896
4412 500000 10 5 1.3816 0.02028
4412 500000 10 9 1.3983 0.01928
4412 500000 2 12 0.6994 0.00764
4412 500000 2 5 0.6847 0.00799
4412 500000 2 9 0.6939 0.00765
4412 500000 3 12 0.8051 0.00832
4412 500000 3 5 0.7912 0.00851
4412 500000 3 9 0.7994 0.00825
4412 500000 4 12 0.9115 0.00898
4412 500000 4 5 0.8974 0.00909
4412 500000 4 9 0.9053 0.00888
4412 500000 5 12 1.0165 0.00965
4412 500000 5 5 1.0020 0.00975
4412 500000 5 9 1.0101 0.00955
4412 500000 6 12 1.1180 0.01029
4412 500000 6 5 1.1012 0.01069
4412 500000 6 9 1.1120 0.01025
4412 500000 7 12 1.2166 0.01104
4412 500000 7 5 1.1906 0.01227
4412 500000 7 9 1.2100 0.01114
4412 500000 8 12 1.3087 0.01206
4412 500000 8 5 1.2654 0.01472
4412 500000 8 9 1.2968 0.01265
4412 5000000 -2 12 0.2552 0.00552
4412 5000000 -2 5 0.2486 0.00636
4412 5000000 -2 9 0.2527 0.00584
4412 5000000 0 12 0.4835 0.00542
4412 5000000 0 5 0.4786 0.00621
4412 5000000 0 9 0.4816 0.00573
4412 5000000 1 12 0.5974 0.00535
4412 5000000 1 5 0.5934 0.00617
4412 5000000 1 9 0.5961 0.00567
4412 5000000 10 12 1.5174 0.01235
4412 5000000 10 5 1.5104 0.01279
4412 5000000 10 9 1.5150 0.01250
4412 5000000 2 12 0.7098 0.00485
4412 5000000 2 5 0.7069 0.00626
4412 5000000 2 9 0.7097 0.00552
4412 5000000 3 12 0.8225 0.00457
4412 5000000 3 5 0.8179 0.00651
4412 5000000 3 9 0.8216 0.00518
4412 5000000 4 12 0.9350 0.00496
4412 5000000 4 5 0.9232 0.00695
4412 5000000 4 9 0.9309 0.00528
4412 5000000 5 12 1.0429 0.00561
4412 5000000 5 5 1.0240 0.00756
4412 5000000 5 9 1.0366 0.00610
4412 5000000 6 12 1.1462 0.00659
4412 5000000 6 5 1.1236 0.00844
4412 5000000 6 9 1.1372 0.00732
4412 5000000 7 12 1.2419 0.00810
4412 5000000 7 5 1.2241 0.00952
4412 5000000 7 9 1.2334 0.00878
4412 5000000 8 12 1.3346 0.00970
4412 5000000 8 5 1.3235 0.01053
4412 5000000 8 9 1.3297 0.01007
4412 750000 -2 12 0.2587 0.00758
4412 750000 -2 5 0.2457 0.00841
4412 750000 -2 9 0.2544 0.00775
4412 750000 0 12 0.4662 0.00592
4412 750000 0 5 0.4664 0.00825
4412 750000 0 9 0.4717 0.00695
4412 750000 1 12 0.5950 0.00615
4412 750000 1 5 0.5760 0.00799
4412 750000 1 9 0.5874 0.00630
4412 750000 10 12 1.4242 0.01754
4412 750000 10 5 1.4056 0.01859
4412 750000 10 9 1.4192 0.01781
4412 750000 2 12 0.6992 0.00667
4412 750000 2 5 0.6763 0.00727
4412 750000 2 9 0.6956 0.00677
4412 750000 3 12 0.8051 0.00726
4412 750000 3 5 0.7962 0.00760
4412 750000 3 9 0.8024 0.00728
4412 750000 4 12 0.9121 0.00783
4412 750000 4 5 0.9039 0.00811
4412 750000 4 9 0.9097 0.00781
4412 750000 5 12 1.0184 0.00840
4412 750000 5 5 1.0094 0.00875
4412 750000 5 9 1.0158 0.00840
4412 750000 6 12 1.1231 0.00898
4412 750000 6 5 1.1076 0.00989
4412 750000 6 9 1.1196 0.00909
4412 750000 7 12 1.2246 0.00973
4412 750000 7 5 1.1958 0.01170
4412 750000 7 9 1.2180 0.01010
4412 750000 8 12 1.3158 0.01111
4412 750000 8 5 1.2731 0.01406
4412 750000 8 9 1.3025 0.01201
4415 1000000 -2 12 0.2549 0.00761
4415 1000000 -2 5 0.2428 0.00858
4415 1000000 -2 9 0.2510 0.00787
4415 1000000 0 12 0.4712 0.00695
4415 1000000 0 5 0.4648 0.00847
4415 1000000 0 9 0.4707 0.00765
4415 1000000 1 12 0.5713 0.00649
4415 1000000 1 5 0.5761 0.00841
4415 1000000 1 9 0.5766 0.00713
4415 1000000 10 12 1.4727 0.01329
4415 1000000 10 5 1.4125 0.01638
4415 1000000 10 9 1.4533 0.01426
4415 1000000 2 12 0.7063 0.00683
4415 1000000 2 5 0.6848 0.00812
4415 1000000 2 9 0.6751 0.00689
4415 1000000 3 12 0.8247 0.00730
4415 1000000 3 5 0.7904 0.00791
4415 1000000 3 9 0.8220 0.00734
4415 1000000 4 12 0.9227 0.00770
4415 1000000 4 5 0.9090 0.00804
4415 1000000 4 9 0.9195 0.00776
4415 1000000 5 12 1.0240 0.00822
4415 1000000 5 5 1.0138 0.00861
4415 1000000 5 9 1.0207 0.00830
4415 1000000 6 12 1.1267 0.00875
4415 1000000 6 5 1.1129 0.00936
4415 1000000 6 9 1.1236 0.00883
4415 1000000 7 12 1.2268 0.00940
4415 1000000 7 5 1.2049 0.01048
4415 1000000 7 9 1.2214 0.00962
4415 1000000 8 12 1.3220 0.01023
4415 1000000 8 5 1.2852 0.01195
4415 1000000 8 9 1.3128 0.01066
4415 2000000 -2 12 0.2549 0.00665
4415 2000000 -2 5 0.2457 0.00765
4415 2000000 -2 9 0.2516 0.00699
4415 2000000 0 12 0.4790 0.00650
4415 2000000 0 5 0.4728 0.00750
4415 2000000 0 9 0.4768 0.00688
4415 2000000 1 12 0.5884 0.00606
4415 2000000 1 5 0.5861 0.00747
4415 2000000 1 9 0.5889 0.00674
4415 2000000 10 12 1.4919 0.01227
4415 2000000 10 5 1.4401 0.01476
4415 2000000 10 9 1.4718 0.01321
4415 2000000 2 12 0.6935 0.00576
4415 2000000 2 5 0.6987 0.00747
4415 2000000 2 9 0.6986 0.00636
4415 2000000 3 12 0.8264 0.00597
4415 2000000 3 5 0.8088 0.00730
4415 2000000 3 9 0.8017 0.00610
4415 2000000 4 12 0.9407 0.00636
4415 2000000 4 5 0.9168 0.00726
4415 2000000 4 9 0.9378 0.00649
4415 2000000 5 12 1.0414 0.00679
4415 2000000 5 5 1.0214 0.00751
4415 2000000 5 9 1.0388 0.00693
4415 2000000 6 12 1.1460 0.00728
4415 2000000 6 5 1.1258 0.00842
4415 2000000 6 9 1.1410 0.00755
4415 2000000 7 12 1.2469 0.00801
4415 2000000 7 5 1.2178 0.00965
4415 2000000 7 9 1.2394 0.00843
4415 2000000 8 12 1.3423 0.00900
4415 2000000 8 5 1.3020 0.01113
4415 2000000 8 9 1.3302 0.00965
4415 500000 -2 12 0.2583 0.00924
4415 500000 -2 5 0.2417 0.00985
4415 500000 -2 9 0.2524 0.00927
4415 500000 0 12 0.4599 0.00780
4415 500000 0 5 0.4583 0.00968
4415 500000 0 9 0.4627 0.00839
4415 500000 1 12 0.5970 0.00811
4415 500000 1 5 0.5640 0.00935
4415 500000 1 9 0.5579 0.00801
4415 500000 10 12 1.4451 0.01537
4415 500000 10 5 1.3869 0.01818
4415 500000 10 9 1.4291 0.01600
4415 500000 2 12 0.7251 0.00861
4415 500000 2 5 0.6650 0.00897
4415 500000 2 9 0.7163 0.00856
4415 500000 3 12 0.8194 0.00915
4415 500000 3 5 0.7928 0.00926
4415 500000 3 9 0.8093 0.00908
4415 500000 4 12 0.9182 0.00980
4415 500000 4 5 0.8958 0.00979
4415 500000 4 9 0.9081 0.00962
4415 500000 5 12 1.0189 0.01043
4415 500000 5 5 0.9963 0.01039
4415 500000 5 9 1.0083 0.01026
4415 500000 6 12 1.1190 0.01119
4415 500000 6 5 1.0942 0.01112
4415 500000 6 9 1.1076 0.01094
4415 500000 7 12 1.2137 0.01183
4415 500000 7 5 1.1856 0.01207
4415 500000 7 9 1.2022 0.01173
4415 500000 8 12 1.3028 0.01263
4415 500000 8 5 1.2631 0.01344
4415 500000 8 9 1.2911 0.01262
4415 5000000 -2 12 0.2560 0.00592
4415 5000000 -2 5 0.2496 0.00671
4415 5000000 -2 9 0.2536 0.00621
4415 5000000 0 12 0.4857 0.00582
4415 5000000 0 5 0.4809 0.00656
4415 5000000 0 9 0.4842 0.00608
4415 5000000 1 12 0.6007 0.00574
4415 5000000 1 5 0.5959 0.00656
4415 5000000 1 9 0.5995 0.00604
4415 5000000 10 12 1.5130 0.01138
4415 5000000 10 5 1.4815 0.01276
4415 5000000 10 9 1.5005 0.01192
4415 5000000 2 12 0.7139 0.00543
4415 5000000 2 5 0.7100 0.00663
4415 5000000 2 9 0.7139 0.00598
4415 5000000 3 12 0.8261 0.00522
4415 5000000 3 5 0.8218 0.00682
4415 5000000 3 9 0.8260 0.00578
4415 5000000 4 12 0.9296 0.00521
4415 5000000 4 5 0.9301 0.00708
4415 5000000 4 9 0.9363 0.00576
4415 5000000 5 12 1.0602 0.00570
4415 5000000 5 5 1.0346 0.00751
4415 5000000 5 9 1.0389 0.00598
4415 5000000 6 12 1.1601 0.00633
4415 5000000 6 5 1.1336 0.00810
4415 5000000 6 9 1.1524 0.00677
4415 5000000 7 12 1.2602 0.00719
4415 5000000 7 5 1.2294 0.00899
4415 5000000 7 9 1.2499 0.00778
4415 5000000 8 12 1.3546 0.00834
4415 5000000 8 5 1.3210 0.01021
4415 5000000 8 9 1.3423 0.00903
4415 750000 -2 12 0.2561 0.00816
4415 750000 -2 5 0.2420 0.00905
4415 750000 -2 9 0.2513 0.00836
4415 750000 0 12 0.4671 0.00722
4415 750000 0 5 0.4620 0.00893
4415 750000 0 9 0.4673 0.00796
4415 750000 1 12 0.5639 0.00694
4415 750000 1 5 0.5716 0.00883
4415 750000 1 9 0.5695 0.00740
4415 750000 10 12 1.4618 0.01398
4415 750000 10 5 1.4020 0.01708
4415 750000 10 9 1.4437 0.01486
4415 750000 2 12 0.7277 0.00751
4415 750000 2 5 0.6778 0.00845
4415 750000 2 9 0.6858 0.00750
4415 750000 3 12 0.8199 0.00800
4415 750000 3 5 0.7763 0.00825
4415 750000 3 9 0.8154 0.00797
4415 750000 4 12 0.9182 0.00844
4415 750000 4 5 0.9055 0.00869
4415 750000 4 9 0.9130 0.00846
4415 750000 5 12 1.0189 0.00903
4415 750000 5 5 1.0064 0.00926
4415 750000 5 9 1.0141 0.00902
4415 750000 6 12 1.1202 0.00960
4415 750000 6 5 1.1048 0.01000
4415 750000 6 9 1.1154 0.00960
4415 750000 7 12 1.2177 0.01029
4415 750000 7 5 1.1969 0.01105
4415 750000 7 9 1.2131 0.01033
4415 750000 8 12 1.3116 0.01106
4415 750000 8 5 1.2765 0.01245
4415 750000 8 9 1.3032 0.01132
6412 1000000 -2 12 0.4836 0.00773
6412 1000000 -2 5 0.4688 0.00850
6412 1000000 -2 9 0.4790 0.00786
6412 1000000 0 12 0.7020 0.00768
6412 1000000 0 5 0.6904 0.00856
6412 1000000 0 9 0.6982 0.00794
6412 1000000 1 12 0.8096 0.00712
6412 1000000 1 5 0.8009 0.00865
6412 1000000 1 9 0.8076 0.00801
6412 1000000 10 12 1.6870 0.01406
6412 1000000 10 5 1.5671 0.02008
6412 1000000 10 9 1.6264 0.01664
6412 1000000 2 12 0.9143 0.00697
6412 1000000 2 5 0.9106 0.00875
6412 1000000 2 9 0.9108 0.00711
6412 1000000 3 12 1.0214 0.00758
6412 1000000 3 5 1.0146 0.00785
6412 1000000 3 9 1.0199 0.00757
6412 1000000 4 12 1.1296 0.00809
6412 1000000 4 5 1.1225 0.00832
6412 1000000 4 9 1.1275 0.00808
6412 1000000 5 12 1.2359 0.00865
6412 1000000 5 5 1.2285 0.00884
6412 1000000 5 9 1.2335 0.00862
6412 1000000 6 12 1.3401 0.00924
6412 1000000 6 5 1.3316 0.00945
6412 1000000 6 9 1.3374 0.00921
6412 1000000 7 12 1.4391 0.00987
6412 1000000 7 5 1.4213 0.01069
6412 1000000 7 9 1.4357 0.00994
6412 1000000 8 12 1.5347 0.01061
6412 1000000 8 5 1.4964 0.01259
6412 1000000 8 9 1.5278 0.01087
6412 2000000 -2 12 0.4856 0.00664
6412 2000000 -2 5 0.4739 0.00755
6412 2000000 -2 9 0.4814 0.00692
6412 2000000 0 12 0.7086 0.00672
6412 2000000 0 5 0.6998 0.00754
6412 2000000 0 9 0.7054 0.00702
6412 2000000 1 12 0.8197 0.00680
6412 2000000 1 5 0.8123 0.00759
6412 2000000 1 9 0.8168 0.00712
6412 2000000 10 12 1.6546 0.01504
6412 2000000 10 5 1.6018 0.01788
6412 2000000 10 9 1.6275 0.01646
6412 2000000 2 12 0.9255 0.00585
6412 2000000 2 5 0.9243 0.00767
6412 2000000 2 9 0.9285 0.00687
6412 2000000 3 12 1.0365 0.00623
6412 2000000 3 5 1.0355 0.00771
6412 2000000 3 9 1.0349 0.00634
6412 2000000 4 12 1.1464 0.00664
6412 2000000 4 5 1.1410 0.00698
6412 2000000 4 9 1.1449 0.00673
6412 2000000 5 12 1.2549 0.00707
6412 2000000 5 5 1.2491 0.00743
6412 2000000 5 9 1.2535 0.00716
6412 2000000 6 12 1.3611 0.00758
6412 2000000 6 5 1.3491 0.00832
6412 2000000 6 9 1.3586 0.00773
6412 2000000 7 12 1.4642 0.00819
6412 2000000 7 5 1.4295 0.01028
6412 2000000 7 9 1.4576 0.00858
6412 2000000 8 12 1.5588 0.00917
6412 2000000 8 5 1.4909 0.01273
6412 2000000 8 9 1.5435 0.01004
6412 500000 -2 12 0.4840 0.00976
6412 500000 -2 5 0.4652 0.00982
6412 500000 -2 9 0.4776 0.00950
6412 500000 0 12 0.7002 0.00916
6412 500000 0 5 0.6818 0.00988
6412 500000 0 9 0.6939 0.00926
6412 500000 1 12 0.8019 0.00805
6412 500000 1 5 0.7895 0.01002
6412 500000 1 9 0.7949 0.00806
6412 500000 10 12 1.7062 0.01456
6412 500000 10 5 1.5548 0.02117
6412 500000 10 9 1.6988 0.01514
6412 500000 2 12 0.9093 0.00870
6412 500000 2 5 0.8916 0.00894
6412 500000 2 9 0.9018 0.00868
6412 500000 3 12 1.0173 0.00948
6412 500000 3 5 0.9982 0.00951
6412 500000 3 9 1.0087 0.00930
6412 500000 4 12 1.1245 0.01015
6412 500000 4 5 1.1033 0.01014
6412 500000 4 9 1.1145 0.01004
6412 500000 5 12 1.2309 0.01091
6412 500000 5 5 1.2065 0.01081
6412 500000 5 9 1.2194 0.01075
6412 500000 6 12 1.3359 0.01179
6412 500000 6 5 1.3068 0.01156
6412 500000 6 9 1.3219 0.01150
6412 500000 7 12 1.4352 0.01261
6412 500000 7 5 1.4035 0.01236
6412 500000 7 9 1.4200 0.01230
6412 500000 8 12 1.5197 0.01328
6412 500000 8 5 1.4769 0.01376
6412 500000 8 9 1.5035 0.01322
6412 5000000 -2 12 0.4884 0.00585
6412 5000000 -2 5 0.4805 0.00658
6412 5000000 -2 9 0.4853 0.00613
6412 5000000 0 12 0.7162 0.00591
6412 5000000 0 5 0.7103 0.00650
6412 5000000 0 9 0.7139 0.00613
6412 5000000 1 12 0.8300 0.00595
6412 5000000 1 5 0.8246 0.00652
6412 5000000 1 9 0.8279 0.00617
6412 5000000 10 12 1.6747 0.01406
6412 5000000 10 5 1.6555 0.01501
6412 5000000 10 9 1.6664 0.01446
6412 5000000 2 12 0.9434 0.00597
6412 5000000 2 5 0.9385 0.00657
6412 5000000 2 9 0.9418 0.00620
6412 5000000 3 12 1.0524 0.00509
6412 5000000 3 5 1.0508 0.00670
6412 5000000 3 9 1.0551 0.00598
6412 5000000 4 12 1.1650 0.00538
6412 5000000 4 5 1.1612 0.00690
6412 5000000 4 9 1.1633 0.00549
6412 5000000 5 12 1.2756 0.00575
6412 5000000 5 5 1.2629 0.00659
6412 5000000 5 9 1.2726 0.00595
6412 5000000 6 12 1.3812 0.00638
6412 5000000 6 5 1.3479 0.00857
6412 5000000 6 9 1.3731 0.00690
6412 5000000 7 12 1.4802 0.00734
6412 5000000 7 5 1.4324 0.01034
6412 5000000 7 9 1.4648 0.00830
6412 5000000 8 12 1.5620 0.00918
6412 5000000 8 5 1.5145 0.01188
6412 5000000 8 9 1.5398 0.01049
6412 750000 -2 12 0.4837 0.00842
6412 750000 -2 5 0.4671 0.00898
6412 750000 -2 9 0.4781 0.00843
6412 750000 0 12 0.7009 0.00818
6412 750000 0 5 0.6864 0.00907
6412 750000 0 9 0.6961 0.00840
6412 750000 1 12 0.8029 0.00702
6412 750000 1 5 0.7960 0.00917
6412 750000 1 9 0.8035 0.00843
6412 750000 10 12 1.6655 0.01466
6412 750000 10 5 1.5577 0.02077
6412 750000 10 9 1.6315 0.01644
6412 750000 2 12 0.9106 0.00760
6412 750000 2 5 0.9046 0.00923
6412 750000 2 9 0.9065 0.00767
6412 750000 3 12 1.0181 0.00821
6412 750000 3 5 1.0071 0.00850
6412 750000 3 9 1.0142 0.00822
6412 750000 4 12 1.1252 0.00887
6412 750000 4 5 1.1137 0.00904
6412 750000 4 9 1.1209 0.00879
6412 750000 5 12 1.2312 0.00949
6412 750000 5 5 1.2185 0.00961
6412 750000 5 9 1.2260 0.00940
6412 750000 6 12 1.3350 0.01016
6412 750000 6 5 1.3206 0.01026
6412 750000 6 9 1.3287 0.01006
6412 750000 7 12 1.4315 0.01086
6412 750000 7 5 1.4149 0.01116
6412 750000 7 9 1.4259 0.01078
6412 750000 8 12 1.5230 0.01164
6412 750000 8 5 1.4861 0.01294
6412 750000 8 9 1.5160 0.01167
